data;

param M := 60;
param G := 6;

# <id grupo> <valor>
param LIM_MIN :=
	1 10
	2 10
	3 10
	4 10
	5 10
	6 10
;

# <id grupo> <valor>
param LIM_MAX :=
	1 10
	2 10
	3 10
	4 10
	5 10
	6 10
;

# <indivíduo i> <indivíduo j> <valor>
param difference :=
0 0 0
0 1 93.4
0 2 68.782
0 3 37.139
0 4 36.279
0 5 12.359
0 6 68.397
0 7 25.879
0 8 81.329
0 9 50.163
0 10 58.141
0 11 14.645
0 12 53.871
0 13 91.866
0 14 46.805
0 15 13.646
0 16 16.967
0 17 33.48
0 18 53.423
0 19 43.198
0 20 82.211
0 21 95.779
0 22 33.214
0 23 55.941
0 24 39.495
0 25 27.543
0 26 68.905
0 27 6.404
0 28 3.044
0 29 1.315
0 30 1.035
0 31 9.919
0 32 58.527
0 33 42.718
0 34 9.615
0 35 53.662
0 36 30.085
0 37 63.008
0 38 13.897
0 39 84.03
0 40 85.861
0 41 83.775
0 42 27.048
0 43 96.618
0 44 65.923
0 45 52.541
0 46 88.144
0 47 97.727
0 48 47.449
0 49 48.538
0 50 95.186
0 51 89.641
0 52 58.607
0 53 69.023
0 54 79.733
0 55 55.845
0 56 14.783
0 57 68.246
0 58 96.256
0 59 86.882
1 0 93.4
1 1 0
1 2 78.632
1 3 93.538
1 4 47.475
1 5 92.747
1 6 38.897
1 7 25.987
1 8 30.696
1 9 93.512
1 10 62.009
1 11 86.781
1 12 69.579
1 13 66.291
1 14 95.192
1 15 14.509
1 16 90.768
1 17 53.708
1 18 90.142
1 19 53.631
1 20 15.459
1 21 6.727
1 22 72.284
1 23 19.747
1 24 62.286
1 25 42.965
1 26 2.206
1 27 23.468
1 28 99.736
1 29 50.575
1 30 63.084
1 31 41.395
1 32 43.896
1 33 57.311
1 34 60.721
1 35 20.079
1 36 70.412
1 37 14.571
1 38 41.303
1 39 86.847
1 40 98.371
1 41 17.013
1 42 16.043
1 43 19.961
1 44 8.154
1 45 89.771
1 46 31.597
1 47 99.833
1 48 75.377
1 49 27.338
1 50 40.463
1 51 22.879
1 52 38.647
1 53 60.869
1 54 6.543
1 55 10.087
1 56 70.149
1 57 63.954
1 58 27.614
1 59 83.474
2 0 68.782
2 1 78.632
2 2 0
2 3 84.966
2 4 80.828
2 5 68.663
2 6 15.366
2 7 7.549
2 8 75.555
2 9 77.902
2 10 77.775
2 11 11.924
2 12 55.886
2 13 0.681
2 14 32.156
2 15 65.943
2 16 21.278
2 17 15.656
2 18 3.427
2 19 39.347
2 20 21.029
2 21 92.238
2 22 76.38
2 23 80.358
2 24 85.489
2 25 8.696
2 26 37.47
2 27 26.226
2 28 10.999
2 29 76.247
2 30 60.458
2 31 89.372
2 32 37.536
2 33 86.033
2 34 0.502
2 35 52.706
2 36 56.916
2 37 33.109
2 38 18.024
2 39 15.188
2 40 29.015
2 41 74.393
2 42 1.039
2 43 51.86
2 44 63.597
2 45 45.976
2 46 92.641
2 47 91.346
2 48 46.16
2 49 99.282
2 50 58.916
2 51 68.201
2 52 47.651
2 53 15.281
2 54 51.843
2 55 77.525
2 56 59.908
2 57 21.274
2 58 31.549
2 59 44.889
3 0 37.139
3 1 93.538
3 2 84.966
3 3 0
3 4 41.418
3 5 65.728
3 6 12.825
3 7 25.894
3 8 41.235
3 9 3.25
3 10 91.885
3 11 66.585
3 12 92.845
3 13 3.943
3 14 91.112
3 15 88.45
3 16 34.335
3 17 29.273
3 18 31.877
3 19 9.894
3 20 16.358
3 21 9.998
3 22 8.539
3 23 79.819
3 24 5.22
3 25 20.806
3 26 90.299
3 27 78.378
3 28 74.832
3 29 71.007
3 30 21.868
3 31 34.951
3 32 8.313
3 33 20.981
3 34 28.739
3 35 24.056
3 36 97.715
3 37 89.993
3 38 58.359
3 39 26.176
3 40 38.631
3 41 42.624
3 42 4.597
3 43 82.373
3 44 65.397
3 45 28.234
3 46 69.651
3 47 29.072
3 48 62.11
3 49 0.721
3 50 14.911
3 51 72.576
3 52 14.9
3 53 64.292
3 54 40.245
3 55 51.587
3 56 41.672
3 57 75.056
3 58 9.845
3 59 40.459
4 0 36.279
4 1 47.475
4 2 80.828
4 3 41.418
4 4 0
4 5 46.961
4 6 77.926
4 7 11.948
4 8 65.889
4 9 1.604
4 10 73.701
4 11 99.663
4 12 45.418
4 13 39.596
4 14 92.087
4 15 10.587
4 16 7.375
4 17 97.818
4 18 93.073
4 19 4.02
4 20 18.786
4 21 98.214
4 22 31.211
4 23 86.333
4 24 30.309
4 25 86.593
4 26 95.254
4 27 17.394
4 28 45.381
4 29 97.366
4 30 78.996
4 31 3.952
4 32 34.533
4 33 9.352
4 34 48.289
4 35 89.493
4 36 45.244
4 37 94.203
4 38 43.89
4 39 44.32
4 40 2.704
4 41 36.064
4 42 0.146
4 43 44.463
4 44 57.497
4 45 18.722
4 46 65.459
4 47 3.531
4 48 12.517
4 49 34.857
4 50 82.064
4 51 87.718
4 52 53.284
4 53 70.877
4 54 19.876
4 55 0.913
4 56 13.365
4 57 60.403
4 58 61.968
4 59 74.235
5 0 12.359
5 1 92.747
5 2 68.663
5 3 65.728
5 4 46.961
5 5 0
5 6 29.76
5 7 79.64
5 8 7.708
5 9 32.297
5 10 81.873
5 11 78.663
5 12 93.68
5 13 37.123
5 14 62.055
5 15 4.078
5 16 32.205
5 17 29.859
5 18 95.793
5 19 70.572
5 20 32.603
5 21 0.318
5 22 15.187
5 23 81.534
5 24 1.319
5 25 14.857
5 26 90.679
5 27 82.237
5 28 13.602
5 29 24.204
5 30 42.875
5 31 52.99
5 32 11.621
5 33 54.607
5 34 88.814
5 35 14.229
5 36 11.773
5 37 58.014
5 38 25.194
5 39 20.68
5 40 97.344
5 41 60.01
5 42 14.834
5 43 67.542
5 44 31.81
5 45 97.822
5 46 22.033
5 47 18.043
5 48 52.749
5 49 84.968
5 50 37.517
5 51 88.807
5 52 96.666
5 53 73.964
5 54 44.314
5 55 97.091
5 56 61.01
5 57 14.015
5 58 2.159
5 59 82.331
6 0 68.397
6 1 38.897
6 2 15.366
6 3 12.825
6 4 77.926
6 5 29.76
6 6 0
6 7 31.216
6 8 16.707
6 9 69.912
6 10 63.263
6 11 87.835
6 12 49.483
6 13 43.03
6 14 81.541
6 15 61.633
6 16 74.004
6 17 56.238
6 18 12.852
6 19 23.01
6 20 34.551
6 21 90.332
6 22 97.411
6 23 76.155
6 24 80.157
6 25 26.444
6 26 53.08
6 27 78.078
6 28 73.481
6 29 11.12
6 30 86.454
6 31 17.976
6 32 99.217
6 33 31.181
6 34 9.899
6 35 73.362
6 36 35.388
6 37 48.654
6 38 5.85
6 39 5.951
6 40 91.948
6 41 12.895
6 42 53.591
6 43 72.523
6 44 52.859
6 45 49.613
6 46 48.293
6 47 3.803
6 48 80.191
6 49 24.581
6 50 97.259
6 51 47.856
6 52 51.76
6 53 93.64
6 54 74.138
6 55 83.571
6 56 7.442
6 57 79.974
6 58 48.27
6 59 84.546
7 0 25.879
7 1 25.987
7 2 7.549
7 3 25.894
7 4 11.948
7 5 79.64
7 6 31.216
7 7 0
7 8 73.549
7 9 64.659
7 10 83.415
7 11 53.964
7 12 19.486
7 13 37.121
7 14 17.741
7 15 57.064
7 16 76.435
7 17 28.436
7 18 95.305
7 19 49.349
7 20 13.903
7 21 42.274
7 22 18.138
7 23 35.914
7 24 26.697
7 25 5.81
7 26 27.634
7 27 0.069
7 28 32.291
7 29 86.087
7 30 4.076
7 31 7.945
7 32 16.5
7 33 56.071
7 34 93.989
7 35 29.789
7 36 94.01
7 37 49.036
7 38 36.381
7 39 18.415
7 40 69.54
7 41 9.931
7 42 61.012
7 43 50.581
7 44 95.298
7 45 38.045
7 46 74.515
7 47 68.019
7 48 20.835
7 49 16.529
7 50 33.46
7 51 51.447
7 52 22.577
7 53 41.247
7 54 27.421
7 55 23.08
7 56 81.994
7 57 93.944
7 58 59.612
7 59 0.985
8 0 81.329
8 1 30.696
8 2 75.555
8 3 41.235
8 4 65.889
8 5 7.708
8 6 16.707
8 7 73.549
8 8 0
8 9 53.77
8 10 52.853
8 11 17.879
8 12 22.116
8 13 28.302
8 14 97.654
8 15 74.592
8 16 9.896
8 17 46.478
8 18 45.064
8 19 40.446
8 20 86.969
8 21 68.932
8 22 46.394
8 23 24.196
8 24 24.042
8 25 36.816
8 26 88.998
8 27 18.06
8 28 71.714
8 29 86.63
8 30 69.881
8 31 36.793
8 32 43.758
8 33 97.77
8 34 51.563
8 35 87.386
8 36 7.546
8 37 58.181
8 38 67.842
8 39 35.883
8 40 90.112
8 41 30.867
8 42 20.258
8 43 67.979
8 44 26.844
8 45 92.007
8 46 94.802
8 47 10.887
8 48 63.827
8 49 90.022
8 50 32.821
8 51 95.348
8 52 74.625
8 53 44.207
8 54 10.096
8 55 88.754
8 56 67.564
8 57 61.358
8 58 13.704
8 59 22.993
9 0 50.163
9 1 93.512
9 2 77.902
9 3 3.25
9 4 1.604
9 5 32.297
9 6 69.912
9 7 64.659
9 8 53.77
9 9 0
9 10 40.58
9 11 99.373
9 12 57.545
9 13 73.948
9 14 87.261
9 15 47.85
9 16 44.321
9 17 23.498
9 18 69.902
9 19 27.514
9 20 64.256
9 21 49.416
9 22 53.255
9 23 32.61
9 24 19.012
9 25 43.755
9 26 36.106
9 27 53.415
9 28 72.997
9 29 56.088
9 30 26.855
9 31 19.645
9 32 63.692
9 33 94.401
9 34 84.052
9 35 99.744
9 36 47.601
9 37 93.514
9 38 83.1
9 39 75.916
9 40 19.121
9 41 78.535
9 42 76.357
9 43 90.269
9 44 15.848
9 45 9.196
9 46 85.392
9 47 23.52
9 48 15.77
9 49 89.815
9 50 1.419
9 51 24.473
9 52 39.292
9 53 69.201
9 54 72.704
9 55 55.835
9 56 92.207
9 57 34.983
9 58 26.244
9 59 59.924
10 0 58.141
10 1 62.009
10 2 77.775
10 3 91.885
10 4 73.701
10 5 81.873
10 6 63.263
10 7 83.415
10 8 52.853
10 9 40.58
10 10 0
10 11 24.461
10 12 27.636
10 13 5.074
10 14 76.444
10 15 33.991
10 16 60.931
10 17 2.277
10 18 63.719
10 19 14.913
10 20 37.556
10 21 38.085
10 22 84.678
10 23 34.991
10 24 91.351
10 25 57.454
10 26 19.325
10 27 28.575
10 28 70.89
10 29 22.028
10 30 56.59
10 31 8.113
10 32 3.076
10 33 32.663
10 34 0.15
10 35 29.835
10 36 39.959
10 37 46.469
10 38 95.209
10 39 97.371
10 40 97.17
10 41 45.827
10 42 46.181
10 43 50.832
10 44 38.161
10 45 75.893
10 46 48.881
10 47 68.261
10 48 44.86
10 49 91.804
10 50 4.994
10 51 1.405
10 52 42.416
10 53 47.165
10 54 21.542
10 55 78.388
10 56 13.375
10 57 11.316
10 58 23.486
10 59 32.137
11 0 14.645
11 1 86.781
11 2 11.924
11 3 66.585
11 4 99.663
11 5 78.663
11 6 87.835
11 7 53.964
11 8 17.879
11 9 99.373
11 10 24.461
11 11 0
11 12 44.924
11 13 24.48
11 14 23.742
11 15 55.306
11 16 1.782
11 17 87.104
11 18 1.651
11 19 39.973
11 20 6.842
11 21 32.519
11 22 38.246
11 23 33.514
11 24 41.886
11 25 50.516
11 26 44.721
11 27 30.84
11 28 51.435
11 29 13.519
11 30 99.053
11 31 27.571
11 32 44.286
11 33 6.725
11 34 75.012
11 35 78.739
11 36 39.293
11 37 78.943
11 38 7.645
11 39 43.273
11 40 94.645
11 41 11.785
11 42 89.787
11 43 45.752
11 44 93.188
11 45 51.475
11 46 35.305
11 47 53.859
11 48 30.274
11 49 59.733
11 50 76.482
11 51 52.428
11 52 65.149
11 53 18.024
11 54 85.33
11 55 93.183
11 56 52.096
11 57 62.927
11 58 21.614
11 59 12.984
12 0 53.871
12 1 69.579
12 2 55.886
12 3 92.845
12 4 45.418
12 5 93.68
12 6 49.483
12 7 19.486
12 8 22.116
12 9 57.545
12 10 27.636
12 11 44.924
12 12 0
12 13 63.33
12 14 39.449
12 15 13.962
12 16 42.819
12 17 52.067
12 18 33.833
12 19 74.697
12 20 74.798
12 21 81.257
12 22 87.713
12 23 33.872
12 24 15.04
12 25 61.134
12 26 1.465
12 27 53.495
12 28 26.619
12 29 97.025
12 30 6.152
12 31 49.022
12 32 58.634
12 33 47.821
12 34 20.674
12 35 1.953
12 36 64.974
12 37 35.024
12 38 13.588
12 39 94.732
12 40 39.511
12 41 22.491
12 42 57.491
12 43 37.109
12 44 33.207
12 45 7.775
12 46 97.959
12 47 81.784
12 48 73.036
12 49 27.4
12 50 58.736
12 51 46.34
12 52 72.609
12 53 80.457
12 54 70.199
12 55 68.383
12 56 10.072
12 57 17.586
12 58 39.085
12 59 21.254
13 0 91.866
13 1 66.291
13 2 0.681
13 3 3.943
13 4 39.596
13 5 37.123
13 6 43.03
13 7 37.121
13 8 28.302
13 9 73.948
13 10 5.074
13 11 24.48
13 12 63.33
13 13 0
13 14 50.093
13 15 25.691
13 16 74.044
13 17 8.817
13 18 3.653
13 19 62.697
13 20 43.797
13 21 39.566
13 22 51.871
13 23 61.17
13 24 72.49
13 25 52.629
13 26 8.265
13 27 24.822
13 28 70.323
13 29 31.279
13 30 57.571
13 31 87.715
13 32 56.588
13 33 93.136
13 34 88.681
13 35 92.408
13 36 56.971
13 37 90.501
13 38 34.267
13 39 70.326
13 40 47.296
13 41 89.129
13 42 40.288
13 43 75.341
13 44 71.858
13 45 19.226
13 46 14.863
13 47 29.806
13 48 86.07
13 49 8.57
13 50 47.889
13 51 91.265
13 52 60.333
13 53 14.41
13 54 50.284
13 55 37.552
13 56 34.922
13 57 68.125
13 58 34.905
13 59 98.228
14 0 46.805
14 1 95.192
14 2 32.156
14 3 91.112
14 4 92.087
14 5 62.055
14 6 81.541
14 7 17.741
14 8 97.654
14 9 87.261
14 10 76.444
14 11 23.742
14 12 39.449
14 13 50.093
14 14 0
14 15 34.08
14 16 34.665
14 17 49.933
14 18 31.065
14 19 31.63
14 20 67.35
14 21 79.945
14 22 53.716
14 23 10.114
14 24 7.899
14 25 49.865
14 26 92.788
14 27 70.802
14 28 41.373
14 29 2.695
14 30 5.172
14 31 32.853
14 32 66.241
14 33 73.124
14 34 59.82
14 35 6.519
14 36 80.883
14 37 46.075
14 38 42.061
14 39 37.484
14 40 19.559
14 41 71.712
14 42 57.106
14 43 97.229
14 44 93.272
14 45 6.623
14 46 64.575
14 47 37.829
14 48 3.92
14 49 64.624
14 50 71.669
14 51 38.62
14 52 3.741
14 53 90.051
14 54 49.04
14 55 46.899
14 56 66.311
14 57 11.416
14 58 10.468
14 59 55.166
15 0 13.646
15 1 14.509
15 2 65.943
15 3 88.45
15 4 10.587
15 5 4.078
15 6 61.633
15 7 57.064
15 8 74.592
15 9 47.85
15 10 33.991
15 11 55.306
15 12 13.962
15 13 25.691
15 14 34.08
15 15 0
15 16 20.208
15 17 93.939
15 18 15.118
15 19 63.348
15 20 71.939
15 21 85.758
15 22 9.462
15 23 46.046
15 24 10.848
15 25 44.502
15 26 24.873
15 27 82.04
15 28 45.462
15 29 38.415
15 30 86.446
15 31 6.142
15 32 68.086
15 33 39.405
15 34 68.781
15 35 11.906
15 36 82.457
15 37 64.118
15 38 55.255
15 39 67.824
15 40 57.873
15 41 73.557
15 42 18.76
15 43 9.323
15 44 92.459
15 45 11.781
15 46 43.895
15 47 34.215
15 48 78.079
15 49 49.854
15 50 53.311
15 51 60.203
15 52 59.913
15 53 2.505
15 54 84.199
15 55 99.65
15 56 74.822
15 57 1.817
15 58 84.824
15 59 68.99
16 0 16.967
16 1 90.768
16 2 21.278
16 3 34.335
16 4 7.375
16 5 32.205
16 6 74.004
16 7 76.435
16 8 9.896
16 9 44.321
16 10 60.931
16 11 1.782
16 12 42.819
16 13 74.044
16 14 34.665
16 15 20.208
16 16 0
16 17 34.343
16 18 44.835
16 19 65.57
16 20 78.022
16 21 90.569
16 22 80.074
16 23 44.151
16 24 37.78
16 25 86.087
16 26 61.715
16 27 70.396
16 28 84.727
16 29 42.835
16 30 79.653
16 31 2.512
16 32 43.77
16 33 88.914
16 34 68.593
16 35 33.712
16 36 42.902
16 37 57.3
16 38 10.018
16 39 35.812
16 40 48.217
16 41 15.857
16 42 67.141
16 43 94.697
16 44 9.673
16 45 4.19
16 46 34.829
16 47 61.453
16 48 95.135
16 49 59.591
16 50 44.029
16 51 32.568
16 52 43.097
16 53 11.727
16 54 33.347
16 55 2.71
16 56 82.921
16 57 13.67
16 58 89.212
16 59 4.462
17 0 33.48
17 1 53.708
17 2 15.656
17 3 29.273
17 4 97.818
17 5 29.859
17 6 56.238
17 7 28.436
17 8 46.478
17 9 23.498
17 10 2.277
17 11 87.104
17 12 52.067
17 13 8.817
17 14 49.933
17 15 93.939
17 16 34.343
17 17 0
17 18 55.519
17 19 55.503
17 20 60.463
17 21 60.762
17 22 17.114
17 23 75.982
17 24 73.185
17 25 27.881
17 26 24.037
17 27 47.575
17 28 7.297
17 29 99.443
17 30 77.491
17 31 60.708
17 32 47.654
17 33 75.272
17 34 53.778
17 35 74.139
17 36 89.305
17 37 72.801
17 38 57.703
17 39 30.154
17 40 59.088
17 41 73.326
17 42 14.697
17 43 55.593
17 44 13.878
17 45 50.534
17 46 60.657
17 47 82.757
17 48 89.582
17 49 24.583
17 50 97.589
17 51 27.818
17 52 4.35
17 53 21.393
17 54 57.839
17 55 58.604
17 56 64.514
17 57 93.894
17 58 60.032
17 59 68.517
18 0 53.423
18 1 90.142
18 2 3.427
18 3 31.877
18 4 93.073
18 5 95.793
18 6 12.852
18 7 95.305
18 8 45.064
18 9 69.902
18 10 63.719
18 11 1.651
18 12 33.833
18 13 3.653
18 14 31.065
18 15 15.118
18 16 44.835
18 17 55.519
18 18 0
18 19 82.399
18 20 79.617
18 21 45.797
18 22 48.789
18 23 91.42
18 24 27.351
18 25 57.947
18 26 17.428
18 27 35.775
18 28 24.488
18 29 57.962
18 30 19.938
18 31 19.565
18 32 96.239
18 33 83.495
18 34 64.239
18 35 23.317
18 36 28.082
18 37 15.039
18 38 90.232
18 39 34.647
18 40 83.598
18 41 55.005
18 42 3.046
18 43 94.209
18 44 51.285
18 45 22.149
18 46 18.249
18 47 28.087
18 48 55.973
18 49 29.632
18 50 77.168
18 51 23.425
18 52 13.17
18 53 45.934
18 54 90.958
18 55 5.375
18 56 87.931
18 57 34.46
18 58 63.154
18 59 90.327
19 0 43.198
19 1 53.631
19 2 39.347
19 3 9.894
19 4 4.02
19 5 70.572
19 6 23.01
19 7 49.349
19 8 40.446
19 9 27.514
19 10 14.913
19 11 39.973
19 12 74.697
19 13 62.697
19 14 31.63
19 15 63.348
19 16 65.57
19 17 55.503
19 18 82.399
19 19 0
19 20 43.799
19 21 29.831
19 22 22.199
19 23 22.903
19 24 31.913
19 25 36.747
19 26 67.806
19 27 52.355
19 28 75.526
19 29 30.709
19 30 97.962
19 31 67.754
19 32 51.02
19 33 99.009
19 34 37.058
19 35 90.774
19 36 52.896
19 37 85.083
19 38 29.808
19 39 19.888
19 40 57.284
19 41 89.659
19 42 0.518
19 43 30.421
19 44 66.197
19 45 38.098
19 46 2.751
19 47 61.198
19 48 23.028
19 49 44.892
19 50 0.522
19 51 60.415
19 52 38.763
19 53 93.496
19 54 28.937
19 55 20.859
19 56 57.874
19 57 2.526
19 58 79.514
19 59 7.778
20 0 82.211
20 1 15.459
20 2 21.029
20 3 16.358
20 4 18.786
20 5 32.603
20 6 34.551
20 7 13.903
20 8 86.969
20 9 64.256
20 10 37.556
20 11 6.842
20 12 74.798
20 13 43.797
20 14 67.35
20 15 71.939
20 16 78.022
20 17 60.463
20 18 79.617
20 19 43.799
20 20 0
20 21 23.089
20 22 67.756
20 23 43.436
20 24 71.453
20 25 68.989
20 26 53.503
20 27 24.59
20 28 40.917
20 29 85.846
20 30 56.627
20 31 3.487
20 32 15.303
20 33 47.14
20 34 81.749
20 35 93.025
20 36 4.925
20 37 86.877
20 38 47.241
20 39 77.523
20 40 25.48
20 41 46.143
20 42 88.094
20 43 67.619
20 44 15.655
20 45 82.236
20 46 34.022
20 47 35.29
20 48 30.928
20 49 48.274
20 50 18.962
20 51 15.687
20 52 64.516
20 53 6.368
20 54 21.584
20 55 75.413
20 56 60.172
20 57 33.228
20 58 45.537
20 59 50.517
21 0 95.779
21 1 6.727
21 2 92.238
21 3 9.998
21 4 98.214
21 5 0.318
21 6 90.332
21 7 42.274
21 8 68.932
21 9 49.416
21 10 38.085
21 11 32.519
21 12 81.257
21 13 39.566
21 14 79.945
21 15 85.758
21 16 90.569
21 17 60.762
21 18 45.797
21 19 29.831
21 20 23.089
21 21 0
21 22 10.948
21 23 13.501
21 24 22.827
21 25 51.708
21 26 83.045
21 27 93.21
21 28 64.089
21 29 19.132
21 30 64.521
21 31 83.313
21 32 85.434
21 33 84.597
21 34 14.902
21 35 61.715
21 36 13.186
21 37 65.179
21 38 83.625
21 39 20.984
21 40 4.967
21 41 68.932
21 42 72.773
21 43 48.599
21 44 28.484
21 45 40.772
21 46 42.695
21 47 6.677
21 48 7.775
21 49 14.565
21 50 97.892
21 51 99.004
21 52 80.797
21 53 66.125
21 54 44.916
21 55 74.548
21 56 11.907
21 57 80.993
21 58 84.08
21 59 18.723
22 0 33.214
22 1 72.284
22 2 76.38
22 3 8.539
22 4 31.211
22 5 15.187
22 6 97.411
22 7 18.138
22 8 46.394
22 9 53.255
22 10 84.678
22 11 38.246
22 12 87.713
22 13 51.871
22 14 53.716
22 15 9.462
22 16 80.074
22 17 17.114
22 18 48.789
22 19 22.199
22 20 67.756
22 21 10.948
22 22 0
22 23 68.154
22 24 60.793
22 25 82.389
22 26 26.359
22 27 99.233
22 28 92.407
22 29 76.414
22 30 33.575
22 31 57.543
22 32 95.352
22 33 70.672
22 34 9.766
22 35 56.994
22 36 44.463
22 37 29.646
22 38 75.376
22 39 97.051
22 40 37.354
22 41 9.685
22 42 16.368
22 43 71.95
22 44 39.124
22 45 40.821
22 46 12.082
22 47 44.094
22 48 90.375
22 49 47.912
22 50 79.583
22 51 85.373
22 52 8.87
22 53 95.554
22 54 64.681
22 55 80.45
22 56 49.985
22 57 51.855
22 58 77.451
22 59 42.042
23 0 55.941
23 1 19.747
23 2 80.358
23 3 79.819
23 4 86.333
23 5 81.534
23 6 76.155
23 7 35.914
23 8 24.196
23 9 32.61
23 10 34.991
23 11 33.514
23 12 33.872
23 13 61.17
23 14 10.114
23 15 46.046
23 16 44.151
23 17 75.982
23 18 91.42
23 19 22.903
23 20 43.436
23 21 13.501
23 22 68.154
23 23 0
23 24 16.64
23 25 92.405
23 26 78.41
23 27 9.785
23 28 25.479
23 29 7.704
23 30 70.412
23 31 91.484
23 32 42.807
23 33 34.817
23 34 40.879
23 35 58.397
23 36 1.184
23 37 7.156
23 38 29.171
23 39 24.634
23 40 95.521
23 41 5.076
23 42 64.681
23 43 24.854
23 44 36.175
23 45 94.365
23 46 32.694
23 47 54.136
23 48 5.757
23 49 59.72
23 50 77.058
23 51 49.247
23 52 26.231
23 53 75.944
23 54 41.443
23 55 71.474
23 56 93.387
23 57 10.882
23 58 84.214
23 59 97.764
24 0 39.495
24 1 62.286
24 2 85.489
24 3 5.22
24 4 30.309
24 5 1.319
24 6 80.157
24 7 26.697
24 8 24.042
24 9 19.012
24 10 91.351
24 11 41.886
24 12 15.04
24 13 72.49
24 14 7.899
24 15 10.848
24 16 37.78
24 17 73.185
24 18 27.351
24 19 31.913
24 20 71.453
24 21 22.827
24 22 60.793
24 23 16.64
24 24 0
24 25 76.856
24 26 20.997
24 27 75.909
24 28 39.154
24 29 15.605
24 30 83.001
24 31 2.839
24 32 83.266
24 33 61.19
24 34 3.124
24 35 55.522
24 36 1.12
24 37 34.038
24 38 59.35
24 39 76.436
24 40 67.601
24 41 61.653
24 42 61.347
24 43 78.037
24 44 19.618
24 45 61.866
24 46 57.857
24 47 19.016
24 48 16.323
24 49 19.122
24 50 81.926
24 51 44.439
24 52 71.715
24 53 77.279
24 54 0.649
24 55 53.749
24 56 1.55
24 57 38.505
24 58 27.996
24 59 59.479
25 0 27.543
25 1 42.965
25 2 8.696
25 3 20.806
25 4 86.593
25 5 14.857
25 6 26.444
25 7 5.81
25 8 36.816
25 9 43.755
25 10 57.454
25 11 50.516
25 12 61.134
25 13 52.629
25 14 49.865
25 15 44.502
25 16 86.087
25 17 27.881
25 18 57.947
25 19 36.747
25 20 68.989
25 21 51.708
25 22 82.389
25 23 92.405
25 24 76.856
25 25 0
25 26 63.663
25 27 14.609
25 28 66.778
25 29 39.146
25 30 73.65
25 31 24.502
25 32 69.004
25 33 62.898
25 34 46.329
25 35 69.447
25 36 42.596
25 37 0.349
25 38 47.451
25 39 46.419
25 40 86.874
25 41 71.424
25 42 39.871
25 43 79.09
25 44 9.206
25 45 8.102
25 46 73.694
25 47 55.832
25 48 60.872
25 49 36.621
25 50 0.889
25 51 64.639
25 52 31.475
25 53 72.998
25 54 91.427
25 55 5.945
25 56 58.111
25 57 48.668
25 58 90.231
25 59 46.079
26 0 68.905
26 1 2.206
26 2 37.47
26 3 90.299
26 4 95.254
26 5 90.679
26 6 53.08
26 7 27.634
26 8 88.998
26 9 36.106
26 10 19.325
26 11 44.721
26 12 1.465
26 13 8.265
26 14 92.788
26 15 24.873
26 16 61.715
26 17 24.037
26 18 17.428
26 19 67.806
26 20 53.503
26 21 83.045
26 22 26.359
26 23 78.41
26 24 20.997
26 25 63.663
26 26 0
26 27 38.027
26 28 47.561
26 29 82.03
26 30 46.468
26 31 81.66
26 32 41.145
26 33 24.677
26 34 66.654
26 35 6.697
26 36 53.75
26 37 70.598
26 38 92.842
26 39 53.203
26 40 76.9
26 41 20.686
26 42 87.901
26 43 94.887
26 44 78.465
26 45 45.363
26 46 93.638
26 47 32.203
26 48 20.082
26 49 63.419
26 50 41.623
26 51 79.276
26 52 4.627
26 53 90.87
26 54 44.96
26 55 98.521
26 56 24.42
26 57 59.249
26 58 50.173
26 59 94.342
27 0 6.404
27 1 23.468
27 2 26.226
27 3 78.378
27 4 17.394
27 5 82.237
27 6 78.078
27 7 0.069
27 8 18.06
27 9 53.415
27 10 28.575
27 11 30.84
27 12 53.495
27 13 24.822
27 14 70.802
27 15 82.04
27 16 70.396
27 17 47.575
27 18 35.775
27 19 52.355
27 20 24.59
27 21 93.21
27 22 99.233
27 23 9.785
27 24 75.909
27 25 14.609
27 26 38.027
27 27 0
27 28 70.419
27 29 55.609
27 30 25.676
27 31 50.456
27 32 92.815
27 33 54.938
27 34 51.35
27 35 84.145
27 36 74.253
27 37 99.801
27 38 52.315
27 39 95.136
27 40 88.33
27 41 31.707
27 42 89.245
27 43 6.829
27 44 68.055
27 45 94.048
27 46 77.445
27 47 33.239
27 48 1.663
27 49 7.394
27 50 57.362
27 51 56.289
27 52 6.438
27 53 64.544
27 54 80.37
27 55 64.977
27 56 5.164
27 57 4.894
27 58 5.347
27 59 90.468
28 0 3.044
28 1 99.736
28 2 10.999
28 3 74.832
28 4 45.381
28 5 13.602
28 6 73.481
28 7 32.291
28 8 71.714
28 9 72.997
28 10 70.89
28 11 51.435
28 12 26.619
28 13 70.323
28 14 41.373
28 15 45.462
28 16 84.727
28 17 7.297
28 18 24.488
28 19 75.526
28 20 40.917
28 21 64.089
28 22 92.407
28 23 25.479
28 24 39.154
28 25 66.778
28 26 47.561
28 27 70.419
28 28 0
28 29 44.339
28 30 5.557
28 31 23.974
28 32 69.307
28 33 48.491
28 34 70.103
28 35 45.648
28 36 80.716
28 37 0.713
28 38 4.874
28 39 76.525
28 40 33.32
28 41 75.978
28 42 47.548
28 43 21.436
28 44 21.695
28 45 30.837
28 46 52.926
28 47 22.296
28 48 33.753
28 49 70.778
28 50 46.926
28 51 22.114
28 52 66.248
28 53 74.826
28 54 31.286
28 55 9.8
28 56 97.597
28 57 55.893
28 58 58.742
28 59 57.747
29 0 1.315
29 1 50.575
29 2 76.247
29 3 71.007
29 4 97.366
29 5 24.204
29 6 11.12
29 7 86.087
29 8 86.63
29 9 56.088
29 10 22.028
29 11 13.519
29 12 97.025
29 13 31.279
29 14 2.695
29 15 38.415
29 16 42.835
29 17 99.443
29 18 57.962
29 19 30.709
29 20 85.846
29 21 19.132
29 22 76.414
29 23 7.704
29 24 15.605
29 25 39.146
29 26 82.03
29 27 55.609
29 28 44.339
29 29 0
29 30 74.718
29 31 74.93
29 32 1.245
29 33 11.487
29 34 93.731
29 35 7.129
29 36 2.248
29 37 28.732
29 38 93.145
29 39 79.183
29 40 38.175
29 41 93.727
29 42 32.546
29 43 58.088
29 44 13.9
29 45 52.049
29 46 99.808
29 47 73.991
29 48 82.373
29 49 20.903
29 50 75.518
29 51 2.252
29 52 9.52
29 53 30.401
29 54 84.558
29 55 13.242
29 56 2.095
29 57 42.447
29 58 81.672
29 59 22.25
30 0 1.035
30 1 63.084
30 2 60.458
30 3 21.868
30 4 78.996
30 5 42.875
30 6 86.454
30 7 4.076
30 8 69.881
30 9 26.855
30 10 56.59
30 11 99.053
30 12 6.152
30 13 57.571
30 14 5.172
30 15 86.446
30 16 79.653
30 17 77.491
30 18 19.938
30 19 97.962
30 20 56.627
30 21 64.521
30 22 33.575
30 23 70.412
30 24 83.001
30 25 73.65
30 26 46.468
30 27 25.676
30 28 5.557
30 29 74.718
30 30 0
30 31 78.38
30 32 75.601
30 33 50.406
30 34 36.499
30 35 89.484
30 36 36.637
30 37 42.896
30 38 1.38
30 39 92.396
30 40 22.501
30 41 51.803
30 42 93.869
30 43 35.092
30 44 10.005
30 45 85.054
30 46 97.471
30 47 38.649
30 48 94.815
30 49 9.076
30 50 20.124
30 51 51.695
30 52 76.157
30 53 36.862
30 54 84.149
30 55 8.433
30 56 9.158
30 57 63.473
30 58 25.64
30 59 43.119
31 0 9.919
31 1 41.395
31 2 89.372
31 3 34.951
31 4 3.952
31 5 52.99
31 6 17.976
31 7 7.945
31 8 36.793
31 9 19.645
31 10 8.113
31 11 27.571
31 12 49.022
31 13 87.715
31 14 32.853
31 15 6.142
31 16 2.512
31 17 60.708
31 18 19.565
31 19 67.754
31 20 3.487
31 21 83.313
31 22 57.543
31 23 91.484
31 24 2.839
31 25 24.502
31 26 81.66
31 27 50.456
31 28 23.974
31 29 74.93
31 30 78.38
31 31 0
31 32 62.853
31 33 93.464
31 34 89.606
31 35 1.022
31 36 28.618
31 37 62.267
31 38 96.753
31 39 38.764
31 40 21.165
31 41 26.674
31 42 87.929
31 43 25.379
31 44 2.21
31 45 88.371
31 46 23.093
31 47 39.531
31 48 35.55
31 49 18.829
31 50 23.08
31 51 7.99
31 52 51.519
31 53 73.919
31 54 94.476
31 55 45.873
31 56 58.651
31 57 22.215
31 58 70.606
31 59 40.038
32 0 58.527
32 1 43.896
32 2 37.536
32 3 8.313
32 4 34.533
32 5 11.621
32 6 99.217
32 7 16.5
32 8 43.758
32 9 63.692
32 10 3.076
32 11 44.286
32 12 58.634
32 13 56.588
32 14 66.241
32 15 68.086
32 16 43.77
32 17 47.654
32 18 96.239
32 19 51.02
32 20 15.303
32 21 85.434
32 22 95.352
32 23 42.807
32 24 83.266
32 25 69.004
32 26 41.145
32 27 92.815
32 28 69.307
32 29 1.245
32 30 75.601
32 31 62.853
32 32 0
32 33 90.875
32 34 62.272
32 35 34.943
32 36 63.648
32 37 19.673
32 38 71.008
32 39 67.145
32 40 22.12
32 41 92.38
32 42 7.886
32 43 66.516
32 44 8.49
32 45 80.149
32 46 97.692
32 47 62.822
32 48 89.704
32 49 32.121
32 50 28.517
32 51 20.242
32 52 54.408
32 53 35.925
32 54 30.905
32 55 76.598
32 56 27.535
32 57 78.889
32 58 49.194
32 59 37.125
33 0 42.718
33 1 57.311
33 2 86.033
33 3 20.981
33 4 9.352
33 5 54.607
33 6 31.181
33 7 56.071
33 8 97.77
33 9 94.401
33 10 32.663
33 11 6.725
33 12 47.821
33 13 93.136
33 14 73.124
33 15 39.405
33 16 88.914
33 17 75.272
33 18 83.495
33 19 99.009
33 20 47.14
33 21 84.597
33 22 70.672
33 23 34.817
33 24 61.19
33 25 62.898
33 26 24.677
33 27 54.938
33 28 48.491
33 29 11.487
33 30 50.406
33 31 93.464
33 32 90.875
33 33 0
33 34 97.3
33 35 89.201
33 36 76.662
33 37 59.664
33 38 6.188
33 39 11.743
33 40 2.431
33 41 26.496
33 42 29.094
33 43 39.446
33 44 9.911
33 45 96.944
33 46 98.976
33 47 77.736
33 48 74.123
33 49 74.424
33 50 43.225
33 51 67.021
33 52 28.382
33 53 1.804
33 54 62.411
33 55 26.141
33 56 9.573
33 57 19.732
33 58 17.135
33 59 8.335
34 0 9.615
34 1 60.721
34 2 0.502
34 3 28.739
34 4 48.289
34 5 88.814
34 6 9.899
34 7 93.989
34 8 51.563
34 9 84.052
34 10 0.15
34 11 75.012
34 12 20.674
34 13 88.681
34 14 59.82
34 15 68.781
34 16 68.593
34 17 53.778
34 18 64.239
34 19 37.058
34 20 81.749
34 21 14.902
34 22 9.766
34 23 40.879
34 24 3.124
34 25 46.329
34 26 66.654
34 27 51.35
34 28 70.103
34 29 93.731
34 30 36.499
34 31 89.606
34 32 62.272
34 33 97.3
34 34 0
34 35 45.665
34 36 84.018
34 37 88.432
34 38 80.495
34 39 19.12
34 40 40.198
34 41 42.516
34 42 46.363
34 43 25.492
34 44 96.1
34 45 61.581
34 46 34.799
34 47 47.806
34 48 16.523
34 49 98.988
34 50 65.362
34 51 84.156
34 52 88.056
34 53 79.359
34 54 85.2
34 55 98.538
34 56 66.643
34 57 91.923
34 58 43.592
34 59 13.028
35 0 53.662
35 1 20.079
35 2 52.706
35 3 24.056
35 4 89.493
35 5 14.229
35 6 73.362
35 7 29.789
35 8 87.386
35 9 99.744
35 10 29.835
35 11 78.739
35 12 1.953
35 13 92.408
35 14 6.519
35 15 11.906
35 16 33.712
35 17 74.139
35 18 23.317
35 19 90.774
35 20 93.025
35 21 61.715
35 22 56.994
35 23 58.397
35 24 55.522
35 25 69.447
35 26 6.697
35 27 84.145
35 28 45.648
35 29 7.129
35 30 89.484
35 31 1.022
35 32 34.943
35 33 89.201
35 34 45.665
35 35 0
35 36 25.644
35 37 18.943
35 38 33.472
35 39 23.208
35 40 67.96
35 41 0.105
35 42 82.897
35 43 98.14
35 44 52.223
35 45 58.473
35 46 23.64
35 47 21.206
35 48 10.073
35 49 3.949
35 50 98.956
35 51 38.753
35 52 99.262
35 53 86.118
35 54 98.069
35 55 9.8
35 56 45.585
35 57 89.963
35 58 21.033
35 59 91.899
36 0 30.085
36 1 70.412
36 2 56.916
36 3 97.715
36 4 45.244
36 5 11.773
36 6 35.388
36 7 94.01
36 8 7.546
36 9 47.601
36 10 39.959
36 11 39.293
36 12 64.974
36 13 56.971
36 14 80.883
36 15 82.457
36 16 42.902
36 17 89.305
36 18 28.082
36 19 52.896
36 20 4.925
36 21 13.186
36 22 44.463
36 23 1.184
36 24 1.12
36 25 42.596
36 26 53.75
36 27 74.253
36 28 80.716
36 29 2.248
36 30 36.637
36 31 28.618
36 32 63.648
36 33 76.662
36 34 84.018
36 35 25.644
36 36 0
36 37 75.591
36 38 55.118
36 39 84.341
36 40 55.82
36 41 31.569
36 42 52.172
36 43 75.066
36 44 94.826
36 45 90.473
36 46 68.005
36 47 49.25
36 48 83.106
36 49 79.265
36 50 36.188
36 51 48.912
36 52 42.313
36 53 90.571
36 54 98.214
36 55 81.259
36 56 95.173
36 57 54.59
36 58 96.654
36 59 63.576
37 0 63.008
37 1 14.571
37 2 33.109
37 3 89.993
37 4 94.203
37 5 58.014
37 6 48.654
37 7 49.036
37 8 58.181
37 9 93.514
37 10 46.469
37 11 78.943
37 12 35.024
37 13 90.501
37 14 46.075
37 15 64.118
37 16 57.3
37 17 72.801
37 18 15.039
37 19 85.083
37 20 86.877
37 21 65.179
37 22 29.646
37 23 7.156
37 24 34.038
37 25 0.349
37 26 70.598
37 27 99.801
37 28 0.713
37 29 28.732
37 30 42.896
37 31 62.267
37 32 19.673
37 33 59.664
37 34 88.432
37 35 18.943
37 36 75.591
37 37 0
37 38 20.796
37 39 15.896
37 40 82.273
37 41 87.714
37 42 77.545
37 43 97.036
37 44 63.744
37 45 99.262
37 46 26.273
37 47 4.8
37 48 40.79
37 49 18.179
37 50 69.207
37 51 49.536
37 52 39.427
37 53 50.063
37 54 17.924
37 55 3.112
37 56 11.427
37 57 50.196
37 58 17.641
37 59 16.882
38 0 13.897
38 1 41.303
38 2 18.024
38 3 58.359
38 4 43.89
38 5 25.194
38 6 5.85
38 7 36.381
38 8 67.842
38 9 83.1
38 10 95.209
38 11 7.645
38 12 13.588
38 13 34.267
38 14 42.061
38 15 55.255
38 16 10.018
38 17 57.703
38 18 90.232
38 19 29.808
38 20 47.241
38 21 83.625
38 22 75.376
38 23 29.171
38 24 59.35
38 25 47.451
38 26 92.842
38 27 52.315
38 28 4.874
38 29 93.145
38 30 1.38
38 31 96.753
38 32 71.008
38 33 6.188
38 34 80.495
38 35 33.472
38 36 55.118
38 37 20.796
38 38 0
38 39 69.211
38 40 6.128
38 41 84.416
38 42 57.476
38 43 2.081
38 44 98.809
38 45 56.886
38 46 95.258
38 47 60.05
38 48 87.12
38 49 24.832
38 50 97.981
38 51 97.451
38 52 36.172
38 53 73.076
38 54 40.482
38 55 40.134
38 56 75.813
38 57 71.187
38 58 40.155
38 59 77.219
39 0 84.03
39 1 86.847
39 2 15.188
39 3 26.176
39 4 44.32
39 5 20.68
39 6 5.951
39 7 18.415
39 8 35.883
39 9 75.916
39 10 97.371
39 11 43.273
39 12 94.732
39 13 70.326
39 14 37.484
39 15 67.824
39 16 35.812
39 17 30.154
39 18 34.647
39 19 19.888
39 20 77.523
39 21 20.984
39 22 97.051
39 23 24.634
39 24 76.436
39 25 46.419
39 26 53.203
39 27 95.136
39 28 76.525
39 29 79.183
39 30 92.396
39 31 38.764
39 32 67.145
39 33 11.743
39 34 19.12
39 35 23.208
39 36 84.341
39 37 15.896
39 38 69.211
39 39 0
39 40 32.582
39 41 46.917
39 42 67.527
39 43 81.253
39 44 25.639
39 45 4.481
39 46 61.407
39 47 29.031
39 48 55.254
39 49 87.553
39 50 98.9
39 51 29.452
39 52 41.018
39 53 41.235
39 54 31.99
39 55 64.488
39 56 86.165
39 57 97.274
39 58 4.457
39 59 14.656
40 0 85.861
40 1 98.371
40 2 29.015
40 3 38.631
40 4 2.704
40 5 97.344
40 6 91.948
40 7 69.54
40 8 90.112
40 9 19.121
40 10 97.17
40 11 94.645
40 12 39.511
40 13 47.296
40 14 19.559
40 15 57.873
40 16 48.217
40 17 59.088
40 18 83.598
40 19 57.284
40 20 25.48
40 21 4.967
40 22 37.354
40 23 95.521
40 24 67.601
40 25 86.874
40 26 76.9
40 27 88.33
40 28 33.32
40 29 38.175
40 30 22.501
40 31 21.165
40 32 22.12
40 33 2.431
40 34 40.198
40 35 67.96
40 36 55.82
40 37 82.273
40 38 6.128
40 39 32.582
40 40 0
40 41 54.306
40 42 92.478
40 43 5.562
40 44 71.354
40 45 45.305
40 46 31.507
40 47 0.235
40 48 35.006
40 49 48.183
40 50 22.128
40 51 99.433
40 52 60.168
40 53 30.659
40 54 43.571
40 55 98.876
40 56 36.563
40 57 97.301
40 58 56.713
40 59 19.559
41 0 83.775
41 1 17.013
41 2 74.393
41 3 42.624
41 4 36.064
41 5 60.01
41 6 12.895
41 7 9.931
41 8 30.867
41 9 78.535
41 10 45.827
41 11 11.785
41 12 22.491
41 13 89.129
41 14 71.712
41 15 73.557
41 16 15.857
41 17 73.326
41 18 55.005
41 19 89.659
41 20 46.143
41 21 68.932
41 22 9.685
41 23 5.076
41 24 61.653
41 25 71.424
41 26 20.686
41 27 31.707
41 28 75.978
41 29 93.727
41 30 51.803
41 31 26.674
41 32 92.38
41 33 26.496
41 34 42.516
41 35 0.105
41 36 31.569
41 37 87.714
41 38 84.416
41 39 46.917
41 40 54.306
41 41 0
41 42 88.489
41 43 11.24
41 44 28.623
41 45 29.22
41 46 34.125
41 47 28.041
41 48 23.407
41 49 10.384
41 50 70.95
41 51 34.516
41 52 6.255
41 53 67.653
41 54 43.836
41 55 20.189
41 56 18.314
41 57 34.58
41 58 8.342
41 59 34.545
42 0 27.048
42 1 16.043
42 2 1.039
42 3 4.597
42 4 0.146
42 5 14.834
42 6 53.591
42 7 61.012
42 8 20.258
42 9 76.357
42 10 46.181
42 11 89.787
42 12 57.491
42 13 40.288
42 14 57.106
42 15 18.76
42 16 67.141
42 17 14.697
42 18 3.046
42 19 0.518
42 20 88.094
42 21 72.773
42 22 16.368
42 23 64.681
42 24 61.347
42 25 39.871
42 26 87.901
42 27 89.245
42 28 47.548
42 29 32.546
42 30 93.869
42 31 87.929
42 32 7.886
42 33 29.094
42 34 46.363
42 35 82.897
42 36 52.172
42 37 77.545
42 38 57.476
42 39 67.527
42 40 92.478
42 41 88.489
42 42 0
42 43 6.205
42 44 48.774
42 45 23.29
42 46 99.364
42 47 31.959
42 48 12.795
42 49 93.931
42 50 52.152
42 51 46.622
42 52 47.978
42 53 39.851
42 54 94.031
42 55 83.946
42 56 78.457
42 57 80.192
42 58 3.485
42 59 19.35
43 0 96.618
43 1 19.961
43 2 51.86
43 3 82.373
43 4 44.463
43 5 67.542
43 6 72.523
43 7 50.581
43 8 67.979
43 9 90.269
43 10 50.832
43 11 45.752
43 12 37.109
43 13 75.341
43 14 97.229
43 15 9.323
43 16 94.697
43 17 55.593
43 18 94.209
43 19 30.421
43 20 67.619
43 21 48.599
43 22 71.95
43 23 24.854
43 24 78.037
43 25 79.09
43 26 94.887
43 27 6.829
43 28 21.436
43 29 58.088
43 30 35.092
43 31 25.379
43 32 66.516
43 33 39.446
43 34 25.492
43 35 98.14
43 36 75.066
43 37 97.036
43 38 2.081
43 39 81.253
43 40 5.562
43 41 11.24
43 42 6.205
43 43 0
43 44 53.511
43 45 12.872
43 46 55.919
43 47 43.724
43 48 27.731
43 49 14.192
43 50 58.26
43 51 21.67
43 52 70.597
43 53 0.528
43 54 67.683
43 55 39.425
43 56 69.704
43 57 74.801
43 58 14.032
43 59 98.969
44 0 65.923
44 1 8.154
44 2 63.597
44 3 65.397
44 4 57.497
44 5 31.81
44 6 52.859
44 7 95.298
44 8 26.844
44 9 15.848
44 10 38.161
44 11 93.188
44 12 33.207
44 13 71.858
44 14 93.272
44 15 92.459
44 16 9.673
44 17 13.878
44 18 51.285
44 19 66.197
44 20 15.655
44 21 28.484
44 22 39.124
44 23 36.175
44 24 19.618
44 25 9.206
44 26 78.465
44 27 68.055
44 28 21.695
44 29 13.9
44 30 10.005
44 31 2.21
44 32 8.49
44 33 9.911
44 34 96.1
44 35 52.223
44 36 94.826
44 37 63.744
44 38 98.809
44 39 25.639
44 40 71.354
44 41 28.623
44 42 48.774
44 43 53.511
44 44 0
44 45 25.197
44 46 26.959
44 47 86.622
44 48 81.724
44 49 6.873
44 50 69.945
44 51 77.834
44 52 87.776
44 53 59.995
44 54 70.437
44 55 98.305
44 56 54.667
44 57 1.009
44 58 77.108
44 59 91.479
45 0 52.541
45 1 89.771
45 2 45.976
45 3 28.234
45 4 18.722
45 5 97.822
45 6 49.613
45 7 38.045
45 8 92.007
45 9 9.196
45 10 75.893
45 11 51.475
45 12 7.775
45 13 19.226
45 14 6.623
45 15 11.781
45 16 4.19
45 17 50.534
45 18 22.149
45 19 38.098
45 20 82.236
45 21 40.772
45 22 40.821
45 23 94.365
45 24 61.866
45 25 8.102
45 26 45.363
45 27 94.048
45 28 30.837
45 29 52.049
45 30 85.054
45 31 88.371
45 32 80.149
45 33 96.944
45 34 61.581
45 35 58.473
45 36 90.473
45 37 99.262
45 38 56.886
45 39 4.481
45 40 45.305
45 41 29.22
45 42 23.29
45 43 12.872
45 44 25.197
45 45 0
45 46 73.625
45 47 40.167
45 48 58.247
45 49 78.902
45 50 50.43
45 51 4.489
45 52 35.268
45 53 61.893
45 54 3.199
45 55 11.538
45 56 38.99
45 57 90.078
45 58 49.961
45 59 62.166
46 0 88.144
46 1 31.597
46 2 92.641
46 3 69.651
46 4 65.459
46 5 22.033
46 6 48.293
46 7 74.515
46 8 94.802
46 9 85.392
46 10 48.881
46 11 35.305
46 12 97.959
46 13 14.863
46 14 64.575
46 15 43.895
46 16 34.829
46 17 60.657
46 18 18.249
46 19 2.751
46 20 34.022
46 21 42.695
46 22 12.082
46 23 32.694
46 24 57.857
46 25 73.694
46 26 93.638
46 27 77.445
46 28 52.926
46 29 99.808
46 30 97.471
46 31 23.093
46 32 97.692
46 33 98.976
46 34 34.799
46 35 23.64
46 36 68.005
46 37 26.273
46 38 95.258
46 39 61.407
46 40 31.507
46 41 34.125
46 42 99.364
46 43 55.919
46 44 26.959
46 45 73.625
46 46 0
46 47 21.499
46 48 82.768
46 49 15.203
46 50 78.684
46 51 28.02
46 52 55.26
46 53 76.446
46 54 13.846
46 55 70.409
46 56 58.903
46 57 79.419
46 58 95.564
46 59 46.702
47 0 97.727
47 1 99.833
47 2 91.346
47 3 29.072
47 4 3.531
47 5 18.043
47 6 3.803
47 7 68.019
47 8 10.887
47 9 23.52
47 10 68.261
47 11 53.859
47 12 81.784
47 13 29.806
47 14 37.829
47 15 34.215
47 16 61.453
47 17 82.757
47 18 28.087
47 19 61.198
47 20 35.29
47 21 6.677
47 22 44.094
47 23 54.136
47 24 19.016
47 25 55.832
47 26 32.203
47 27 33.239
47 28 22.296
47 29 73.991
47 30 38.649
47 31 39.531
47 32 62.822
47 33 77.736
47 34 47.806
47 35 21.206
47 36 49.25
47 37 4.8
47 38 60.05
47 39 29.031
47 40 0.235
47 41 28.041
47 42 31.959
47 43 43.724
47 44 86.622
47 45 40.167
47 46 21.499
47 47 0
47 48 91.111
47 49 73.573
47 50 52.475
47 51 19.65
47 52 69.518
47 53 58.409
47 54 86.265
47 55 1.205
47 56 93.039
47 57 85.527
47 58 18.082
47 59 89.673
48 0 47.449
48 1 75.377
48 2 46.16
48 3 62.11
48 4 12.517
48 5 52.749
48 6 80.191
48 7 20.835
48 8 63.827
48 9 15.77
48 10 44.86
48 11 30.274
48 12 73.036
48 13 86.07
48 14 3.92
48 15 78.079
48 16 95.135
48 17 89.582
48 18 55.973
48 19 23.028
48 20 30.928
48 21 7.775
48 22 90.375
48 23 5.757
48 24 16.323
48 25 60.872
48 26 20.082
48 27 1.663
48 28 33.753
48 29 82.373
48 30 94.815
48 31 35.55
48 32 89.704
48 33 74.123
48 34 16.523
48 35 10.073
48 36 83.106
48 37 40.79
48 38 87.12
48 39 55.254
48 40 35.006
48 41 23.407
48 42 12.795
48 43 27.731
48 44 81.724
48 45 58.247
48 46 82.768
48 47 91.111
48 48 0
48 49 31.91
48 50 31.294
48 51 38.428
48 52 71.536
48 53 98.565
48 54 40.679
48 55 32.586
48 56 30.956
48 57 51.753
48 58 44.093
48 59 36.948
49 0 48.538
49 1 27.338
49 2 99.282
49 3 0.721
49 4 34.857
49 5 84.968
49 6 24.581
49 7 16.529
49 8 90.022
49 9 89.815
49 10 91.804
49 11 59.733
49 12 27.4
49 13 8.57
49 14 64.624
49 15 49.854
49 16 59.591
49 17 24.583
49 18 29.632
49 19 44.892
49 20 48.274
49 21 14.565
49 22 47.912
49 23 59.72
49 24 19.122
49 25 36.621
49 26 63.419
49 27 7.394
49 28 70.778
49 29 20.903
49 30 9.076
49 31 18.829
49 32 32.121
49 33 74.424
49 34 98.988
49 35 3.949
49 36 79.265
49 37 18.179
49 38 24.832
49 39 87.553
49 40 48.183
49 41 10.384
49 42 93.931
49 43 14.192
49 44 6.873
49 45 78.902
49 46 15.203
49 47 73.573
49 48 31.91
49 49 0
49 50 6.502
49 51 77.39
49 52 65.927
49 53 5.527
49 54 96.889
49 55 71.374
49 56 76.049
49 57 30.503
49 58 45.326
49 59 21.969
50 0 95.186
50 1 40.463
50 2 58.916
50 3 14.911
50 4 82.064
50 5 37.517
50 6 97.259
50 7 33.46
50 8 32.821
50 9 1.419
50 10 4.994
50 11 76.482
50 12 58.736
50 13 47.889
50 14 71.669
50 15 53.311
50 16 44.029
50 17 97.589
50 18 77.168
50 19 0.522
50 20 18.962
50 21 97.892
50 22 79.583
50 23 77.058
50 24 81.926
50 25 0.889
50 26 41.623
50 27 57.362
50 28 46.926
50 29 75.518
50 30 20.124
50 31 23.08
50 32 28.517
50 33 43.225
50 34 65.362
50 35 98.956
50 36 36.188
50 37 69.207
50 38 97.981
50 39 98.9
50 40 22.128
50 41 70.95
50 42 52.152
50 43 58.26
50 44 69.945
50 45 50.43
50 46 78.684
50 47 52.475
50 48 31.294
50 49 6.502
50 50 0
50 51 83.623
50 52 65.799
50 53 25.534
50 54 52.343
50 55 36.407
50 56 48.52
50 57 11.595
50 58 37.446
50 59 68.069
51 0 89.641
51 1 22.879
51 2 68.201
51 3 72.576
51 4 87.718
51 5 88.807
51 6 47.856
51 7 51.447
51 8 95.348
51 9 24.473
51 10 1.405
51 11 52.428
51 12 46.34
51 13 91.265
51 14 38.62
51 15 60.203
51 16 32.568
51 17 27.818
51 18 23.425
51 19 60.415
51 20 15.687
51 21 99.004
51 22 85.373
51 23 49.247
51 24 44.439
51 25 64.639
51 26 79.276
51 27 56.289
51 28 22.114
51 29 2.252
51 30 51.695
51 31 7.99
51 32 20.242
51 33 67.021
51 34 84.156
51 35 38.753
51 36 48.912
51 37 49.536
51 38 97.451
51 39 29.452
51 40 99.433
51 41 34.516
51 42 46.622
51 43 21.67
51 44 77.834
51 45 4.489
51 46 28.02
51 47 19.65
51 48 38.428
51 49 77.39
51 50 83.623
51 51 0
51 52 99.481
51 53 38.452
51 54 53.698
51 55 31.099
51 56 11.128
51 57 50.272
51 58 54.749
51 59 63.503
52 0 58.607
52 1 38.647
52 2 47.651
52 3 14.9
52 4 53.284
52 5 96.666
52 6 51.76
52 7 22.577
52 8 74.625
52 9 39.292
52 10 42.416
52 11 65.149
52 12 72.609
52 13 60.333
52 14 3.741
52 15 59.913
52 16 43.097
52 17 4.35
52 18 13.17
52 19 38.763
52 20 64.516
52 21 80.797
52 22 8.87
52 23 26.231
52 24 71.715
52 25 31.475
52 26 4.627
52 27 6.438
52 28 66.248
52 29 9.52
52 30 76.157
52 31 51.519
52 32 54.408
52 33 28.382
52 34 88.056
52 35 99.262
52 36 42.313
52 37 39.427
52 38 36.172
52 39 41.018
52 40 60.168
52 41 6.255
52 42 47.978
52 43 70.597
52 44 87.776
52 45 35.268
52 46 55.26
52 47 69.518
52 48 71.536
52 49 65.927
52 50 65.799
52 51 99.481
52 52 0
52 53 98.815
52 54 89.805
52 55 92.133
52 56 63.783
52 57 99.695
52 58 3.443
52 59 15.7
53 0 69.023
53 1 60.869
53 2 15.281
53 3 64.292
53 4 70.877
53 5 73.964
53 6 93.64
53 7 41.247
53 8 44.207
53 9 69.201
53 10 47.165
53 11 18.024
53 12 80.457
53 13 14.41
53 14 90.051
53 15 2.505
53 16 11.727
53 17 21.393
53 18 45.934
53 19 93.496
53 20 6.368
53 21 66.125
53 22 95.554
53 23 75.944
53 24 77.279
53 25 72.998
53 26 90.87
53 27 64.544
53 28 74.826
53 29 30.401
53 30 36.862
53 31 73.919
53 32 35.925
53 33 1.804
53 34 79.359
53 35 86.118
